1200
934
1612
1953
1782
1909
788
1390
403
287
1290
793
661
412
1402
1412
986
295
532
405
127
771
269
1691
302
591
1470
52
881
1388
1250
167
393
1422
597
1013
1410
311
15
326
658
45
368
1359
1031
1301
1591
77
1122
383
1295
1172
1395
952
986
1659
388
1690
563
175
1578
1819
201
1623
1775
1764
1238
301
558
1866
175
943
215
1585
1777
412
122
930
1416
128
1280
974
855
1966
627
567
967
1325
397
1577
298
1250
983
1493
620
1284
942
745
810
1022
1019
1289
1241
1691
208
650
499
601
1462
217
1697
572
337
232
756
933
1827
173
188
516
1792
1835
47
159
1966
46
1712
1661
891
1510
1531
893
382
3
839
1259
248
2001
722
1628
452
858
620
592
1378
577
707
1205
343
961
883
23
240
1042
1756
920
571
979
35
1886
296
501
1771
389
459
1499
1681
955
390
1833
274
20
636
1557
931
556
1909
422
610
1039
109
119
555
143
426
846
949
990
789
1258
1468
597
594
362
1492
1156
862
919
1748
795
41
1501
845
1520
929
1940
1901
1148
447
450
1384
93
710
1752
104
1540
1337
129
2009
1295
1561
153
89
101
777
1978
296
15
1101
1833
65
413
1003
1663
432
1784
1689
1150
273
378
1967
1273
670
156
1934
1559
1047
1877
1013
763
1432
1825
1602
1152
661
1018
948
823
80
919
263
1731
1948
1912
883
638
1894
1469
1936
967
849
904
1431
1266
1971
1649
1761
475
13
1296
2013
1288
1693
1952
555
684
1983
1489
1147
1792
802
1414
89
1729
687
1910
115
159
1182
1767
418
1544
323
864
1893
1261
287
257
211
79
2021
1746
542
1919
532
950
1084
957
428
943
850
1017
1448
588
913
211
1160
1078
1667
96
78
81
417
1901
1646
1453
293
1182
734
1995
1899
1585
190
1815
892
119
644
1261
1624
614
1196
316
915
848
606
1195
87
1546
378
1179
11
106
1588
1842
251
1449
1451
577
948
1136
841
1844
1706
639
930
1226
830
1710
1946
644
1791
886
1940
411
1198
47
1494
1471
474
326
353
1117
1103
1506
1930
568
559
105
1724
1100
1832
33
10
1306
1051
1457
1579
1539
745
1237
1022
1174
23
626
34
453
164
697
165
1379
1129
1383
415
992
198
1740
1475
1879
1940
584
723
102
811
560
394
627
471
1134
981
712
780
1528
370
37
410
1253
1799
966
1060
922
334
1466
195
1601
246
101
675
285
360
561
752
384
860
1562
180
550
922
94
1651
146
814
53
582
418
1635
792
377
1013
911
1003
1405
550
197
538
827
371
1857
244
543
318
458
1467
908
807
1236
569
757
1207
628
533
1182
314
65
1126
1067
1749
827
1742
1636
823
786
763
565
616
191
1705
1291
326
1243
1144
571
307
1870
1119
1252
1584
550
145
1081
181
372
1272
915
318
1410
1819
1427
1787
1626
1032
1397
666
1138
136
1244
107
2018
1532
846
1043
130
1670
1281
458
832
467
336
1741
1295
492
926
618
903
948
1673
1596
911
978
1404
1177
1633
1422
1841
161
314
1798
5
1193
589
1381
592
77
249
1469
997
372
1753
127
679
766
1129
1709
423
825
1676
1976
1160
705
228
1669
831
1500
900
1169
974
1641
1329
458
364
1905
747
494
1881
298
952
227
80
160
546
1305
1673
1004
1661
160
245
1447
1253
734
1966
2013
1214
681
1405
1481
158
446
842
1136
1616
1479
1634
1546
1784
1886
1789
1356
965
1223
1271
832
1047
589
1946
1359
598
1039
794
471
1219
866
34
1460
1985
742
419
1300
1681
1486
2021
395
1363
1476
841
1048
1992
203
783
861
377
1428
736
500
1649
778
82
1074
388
1314
1428
1020
641
792
1947
73
686
812
180
130
967
69
1349
172
1502
1300
847
1255
1217
1047
1550
1712
802
1190
1362
914
1763
1833
1912
85
1826
1770
833
1451
1489
138
1273
18
95
1673
1570
357
79
304
241
441
1679
1385
1050
1346
1443
1304
97
467
1040
696
32
939
1681
64
1284
631
1605
1923
1214
1746
1390
541
1500
1710
395
1731
1286
277
873
664
57
944
305
1533
1070
140
1596
1088
9
840
1270
456
571
976
1404
1464
911
179
1379
306
1185
809
1289
300
1459
1846
469
1303
1624
1155
1298
270
2012
331
1815
778
141
551
971
1235
1825
640
747
1451
1297
1907
1285
532
584
1275
1814
1586
587
606
200
706
1262
584
560
1468
1799
1268
1754
5
621
425
1843
50
82
857
267
1638
759
1373
1644
1915
619
1471
573
1300
183
1748
173
1915
682
675
1349
501
551
1273
1588
897
1866
406
1832
1332
914
974
1418
1712
510
137
1378
1940
1685
1086
228
745
285
337
581
447
1770
1824
522
738
1725
1970
1165
486
969
1528
1594
576
1515
1773
1746
1102
1624
1634
104
420
1952
681
472
977
75
264
1535
964
841
564
859
576
1625
1165
2000
1487
717
1921
1803
1996
1599
1788
1080
1507
1119
1804
1417
1765
1547
2009
1936
1082
34
1876
694
1766
712
829
150
1264
472
497
1382
1733
998
1644
1848
1656
270
1575
1020
1502
1789
973
653
904
1547
1381
1762
884
1393
1279
1390
1304
1796
1669
1849
362
315
1960
886
331
553
1769
1973
853
1519
778
750
428
48
1323
711
901
1687
92
916
1266
512
920
1558
1531
697
1830
130
1002
1817
304
899
1964
465
1261
769
832
